35
0.01 0.01 0.03 0.003 0.05 1 255 0 0
0.15 0.15 0 0 0.01 1 0 0 255
0.20 0.20 0 0 0.01 1 0 0 255
0.25 0.25 0 0 0.01 1 0 0 255
0.30 0.30 0 0 0.01 1 0 0 255
0.35 0.35 0 0 0.01 1 0 0 255
0.40 0.40 0 0 0.01 1 0 0 255
0.45 0.45 0 0 0.01 1 0 0 255
0.50 0.50 0 0 0.01 1 0 0 255
0.55 0.55 0 0 0.01 1 0 0 255
0.60 0.60 0 0 0.01 1 0 0 255
0.65 0.65 0 0 0.01 1 0 0 255
0.70 0.70 0 0 0.01 1 0 0 255
0.75 0.75 0 0 0.01 1 0 0 255
0.80 0.80 0 0 0.01 1 0 0 255
0.85 0.85 0 0 0.01 1 0 0 255
0.90 0.90 0 0 0.01 1 0 0 255
0.95 0.95 0 0 0.01 1 0 0 255
0.15 0.95 0 0 0.01 1 0 0 255
0.20 0.90 0 0 0.01 1 0 0 255
0.25 0.85 0 0 0.01 1 0 0 255
0.30 0.80 0 0 0.01 1 0 0 255
0.35 0.75 0 0 0.01 1 0 0 255
0.40 0.70 0 0 0.01 1 0 0 255
0.45 0.65 0 0 0.01 1 0 0 255
0.50 0.60 0 0 0.01 1 0 0 255
0.55 0.55 0 0 0.01 1 0 0 255
0.60 0.50 0 0 0.01 1 0 0 255
0.65 0.45 0 0 0.01 1 0 0 255
0.70 0.40 0 0 0.01 1 0 0 255
0.75 0.35 0 0 0.01 1 0 0 255
0.80 0.30 0 0 0.01 1 0 0 255
0.85 0.25 0 0 0.01 1 0 0 255
0.90 0.20 0 0 0.01 1 0 0 255
0.95 0.15 0 0 0.01 1 0 0 255